epoch,train_loss,train_acc,val_loss,val_acc,
0,1.6923,0.3935,1.1845,0.5830,
1,1.1349,0.6017,0.9405,0.6738,
2,0.8683,0.6987,0.8381,0.7137,
3,0.7054,0.7575,0.7125,0.7632,
4,0.5794,0.7993,0.6301,0.7840,
5,0.4729,0.8357,0.6944,0.7718,
6,0.3859,0.8663,0.6671,0.7845,
7,0.3022,0.8975,0.5743,0.8147,
8,0.2373,0.9192,0.6438,0.8041,
9,0.1827,0.9403,0.6244,0.8113,
10,0.1335,0.9568,0.6223,0.8150,
11,0.1070,0.9651,0.6721,0.8172,
12,0.0857,0.9739,0.6567,0.8201,
13,0.0672,0.9792,0.6474,0.8231,
14,0.0506,0.9850,0.6533,0.8206,
15,0.0425,0.9874,0.7729,0.8126,
16,0.0390,0.9885,0.6792,0.8207,
17,0.0347,0.9901,0.6795,0.8243,
18,0.0310,0.9915,0.6541,0.8324,
19,0.0230,0.9938,0.6633,0.8333,
20,0.0192,0.9950,0.6808,0.8275,
21,0.0222,0.9942,0.7022,0.8222,
22,0.0198,0.9950,0.7107,0.8264,
23,0.0148,0.9967,0.6509,0.8360,
24,0.0155,0.9958,0.6425,0.8410,

Training complete in 140m 22s
Best val Acc: 0.841000
