epoch,train_loss,train_acc,val_loss,val_acc,
0,1.6456,0.3898,1.3325,0.5104,
1,1.1405,0.5936,1.0934,0.6058,
2,0.9206,0.6759,0.8428,0.6989,
3,0.7825,0.7283,0.7662,0.7353,
4,0.6819,0.7623,0.6829,0.7625,
5,0.5903,0.7937,0.7481,0.7397,
6,0.5209,0.8192,0.6553,0.7799,
7,0.4596,0.8395,0.6728,0.7719,
8,0.4032,0.8593,0.6506,0.7862,
9,0.3551,0.8757,0.7963,0.7457,
10,0.3213,0.8855,0.6245,0.7947,
11,0.2802,0.9018,0.7003,0.7763,
12,0.2614,0.9083,0.6337,0.7986,
13,0.2348,0.9190,0.6544,0.7971,
14,0.2206,0.9238,0.7156,0.7898,
15,0.2069,0.9295,0.6317,0.8076,
16,0.1952,0.9328,0.6696,0.8031,
17,0.1762,0.9403,0.6901,0.7959,
18,0.1714,0.9413,0.7032,0.7981,
19,0.1624,0.9454,0.6613,0.7999,
20,0.1528,0.9499,0.7198,0.7897,
21,0.1401,0.9539,0.7106,0.7969,
22,0.1396,0.9530,0.6916,0.8038,
23,0.1333,0.9563,0.6824,0.7932,
24,0.1337,0.9556,0.7289,0.7956,

Training complete in 87m 38s
Best val ACC : 0.807600
